TYR_BB-TYR_SC1 : 1.9865415925549652
TYR_BB-TYR_BB : 3.8474371089204276
TYR_BB-ASP_BB : 3.846994881029841
TYR_BB-TRP_BB : 3.8626529267997416
TYR_SC1-TYR_SC3 : 2.4864069096083674
TYR_SC1-TYR_SC2 : 2.4883382177458495
TYR_SC2-TYR_SC4 : 2.5014628575015436
TYR_SC4-TYR_SC3 : 2.5009780743772594
ASP_BB-PRO_BB : 3.8924088575941735
ASP_BB-ASP_SC1 : 2.578433516736873
PRO_BB-GLU_BB : 3.871638865410457
PRO_BB-PRO_SC1 : 1.8627954048996254
GLU_BB-THR_BB : 3.8751934579235336
GLU_BB-GLU_SC1 : 2.8786303443803427
THR_BB-GLY_BB : 3.867992066511837
THR_BB-THR_SC1 : 1.9824999228546591
THR_BB-TRP_BB : 3.847547844240426
TRP_BB-TRP_SC1 : 1.9791723534910928
TRP_SC1-TRP_SC3 : 2.4992478590578795
TRP_SC1-TRP_SC2 : 2.420693307849814
TRP_SC2-TRP_SC3 : 1.7902397263331948
TRP_SC3-TRP_SC4 : 2.0979983174090115
TRP_SC3-TRP_SC5 : 2.1265567947432356
TRP_SC5-TRP_SC4 : 2.1092500365515185
