TRP_SC1-TRP_SC2-TRP_SC5-TRP_SC4 : -3.127234882367652
TYR_SC1-TYR_SC2-TYR_SC4-TYR_SC3 : -3.111616068194125
